    0.0000330000
    0.0000130000
    0.0000820000
    0.0000860000
    0.0004080000
    0.0004370000
    0.0008480000
    0.0009130000
    0.0016890000
    0.0038620000
    0.0036830000
    0.0037650000
    0.0035360000
    0.0047210000
    0.0046330000
    0.0063910000
    0.0055380000
    0.0081890000
    0.0065920000
    0.0101060000
    0.0077000000
    0.0122540000
    0.0088710000
    0.0146390000
    0.0100700000
    0.0171680000
    0.0168740000
    0.0340280000
    0.0247820000
    0.0535810000
    0.0340370000
    0.0802060000
    0.0450860000
    0.1127390000
    0.0580400000
    0.1533870000
    0.0740990000
    0.2059280000
    0.1045460000
    0.2677270000
    0.1156530000
    0.3321110000
    0.1466250000
    0.4235420000
    0.1787210000
    0.5129890000
    0.2246970000
    0.6270910000
    0.2555480000
    0.7368790000
    0.3149780000
    0.8716490000
    0.3671530000
    1.0136480000
    0.4146420000
    1.1788040000
    0.4907200000
    1.3329780000
    0.5541190000
    1.5284200000
    0.6350560000
    1.7279570000
  108.8342530000
  146.7219590000
