    0.0000390000
    0.0000160000
    0.0001020000
    0.0001090000
    0.0004310000
    0.0005710000
    0.0008860000
    0.0013860000
    0.0019710000
    0.0040030000
    0.0032810000
    0.0080560000
    0.0050470000
    0.0123180000
    0.0068360000
    0.0187280000
    0.0090830000
    0.0263200000
    0.0116020000
    0.0350540000
    0.0144250000
    0.0454230000
    0.0176640000
    0.0574790000
    0.0211250000
    0.0712940000
    0.0434730000
    0.1591120000
    0.0746320000
    0.2858290000
    0.1167010000
    0.4802100000
    0.1703710000
    0.6901790000
    0.2396790000
    0.9668020000
    0.3181520000
    1.2903790000
    0.4375830000
    1.8012820000
    0.5883700000
    2.2010310000
    0.7526290000
    2.8223200000
    0.9203600000
    3.5278630000
    1.1664140000
    4.2702920000
    1.4165370000
    5.3969470000
    1.7364860000
    6.0902250000
    2.0396390000
    7.1924240000
    2.4193850000
    8.2947360000
    2.8069750000
    9.6185470000
    3.3865470000
   10.9970860000
    3.7306490000
   12.3989910000
  667.1698380000
  927.8950970000
